511 
521 
10511
10521
513 
523 
10513
10523
20513
20523
515 
525
531 
10531
533 
10533
20533
535 
541 
10541
543 
10543
20543
545 
551  
10551 
100551 
110551 
200551 
210551 
553  
10553 
20553 
30553 
100553 
110553 
120553 
130553 
200553 
210553 
220553 
300553 
9000553
9010553
555  
10555 
20555 
100555 
110555 
120555 
200555 
557 
100557 
5122
5112
5212
5222
5114
5214
5224
5132
5232
5312
5322
5314
5324
5332
5334
5142
5242
5412
5422
5414
5424
5342
5432
5434
5442
5444
5512
5522
5514
5524
5532
5534
5542
5544
5554